08 46 51 FD-2717
08 51 51 FY-2063
08 57 07 LT-4076
09 01 52 ZU-6245
09 07 55 VS-1521
09 13 09 RW-5733
09 17 10 IU-3849
09 22 40 RA-1527
09 28 00 RA-9598
09 32 20 ZD-7357
09 37 48 QI-0709
09 42 14 LE-0833
09 47 15 NO-1907
09 52 12 EV-7497
09 57 04 LU-0918
10 02 25 QA-4576
10 07 02 LN-5680
10 12 04 NR-1269
10 16 56 KU-6587
10 22 24 YO-0524
10 27 04 HP-5197
10 32 50 RK-7634
10 37 12 OA-7063
10 42 54 RQ-7931
10 47 09 UT-2790
10 52 26 RE-4285
10 57 28 NT-0182
11 02 53 IX-2030
11 07 01 AF-2430
11 12 07 QK-8868
11 17 39 ML-2934
11 23 04 RL-7798
11 27 05 YK-1231
11 32 53 ZI-6787
11 36 55 VN-7689
11 41 57 MQ-6121
11 47 05 QS-8366
11 53 17 LA-9128
11 57 34 CH-5530
12 02 00 KZ-0029
12 08 04 LT-9218
12 12 43 DO-5452
12 18 17 PJ-5565
12 22 06 GT-2513
12 26 52 DO-8005
12 32 56 SM-5257
12 37 41 HU-1903
12 42 04 TA-6562
12 47 43 DV-6520
12 52 22 UB-9408
12 57 12 TE-1119
13 03 00 EM-3026
13 07 24 VW-5031
13 12 28 NY-9164
13 17 42 OS-7879
13 22 23 LF-7044
13 27 51 XF-4566
13 31 57 QZ-1512
13 37 56 FS-9626
13 42 19 VM-5963
13 48 01 IP-5009
